97120415865
86012196881
55040324425
84102931981
89012473242
93042997223
99013171292
55091571982
48010599547
93120946329
66081912476
82121769266
81022849242
61030352392
45070313128
73030634576
62030731277
65050643995
78101115143
48052441471
65121632532
69102918651
53122085879
90050581952
97030725898
48022469335
46070953723
99121367417
90022822999
55022683122
95100494572
74012517579
63011822337
02252584884
64020825223
52042616293
66030773675
74040793462
58011431221
75122041929
77051863768
91102252314
92010877277
55120375668
71080239475
67012396426
73091583462
45072397247
01230421612
67091433247
50102914228
52051864278
93110686749
91041533565
48030615845
61070198642
58120312972
63030461715
93020541316
96032549864
67112164653
60112816674
93061885828
78050919832
61090144164
51011989718
87111082796
78033076884
53020419794
95070169533
50050485663
46120778469
85041432238
93102838129
99052884285
70110533165
80051365833
98042024542
61102219954
53030581917
69082337857
48082849883
55012776289
95071364852
52111768779
98072633945
51060381349
64112359559
74042088821
59052678316
51050581212
80030352591
70110882917
66090641659
57090195873
72072811651
55111431223
56032264912
98053179662
00250371622
